0 0.841039 0.133594 0.033828 0.081187
0 0.444492 0.379000 0.393828 0.543167
0 0.718484 0.310437 0.178781 0.456542
0 0.924875 0.142615 0.055625 0.092021
0 0.861266 0.186823 0.085406 0.212938
0 0.564875 0.350135 0.120594 0.276104
0 0.464727 0.287875 0.088109 0.166000
0 0.160961 0.166073 0.046016 0.088437
0 0.267133 0.267125 0.082703 0.113667
0 0.285406 0.294198 0.067813 0.131729
0 0.149391 0.273438 0.063750 0.129917
0 0.118266 0.231031 0.063750 0.077604
0 0.075023 0.325771 0.128578 0.227375
0 0.048562 0.525167 0.094875 0.543167
0 0.198109 0.493594 0.155781 0.494437
