0 0.559367 0.207472 0.034516 0.175056
0 0.478664 0.397847 0.039578 0.162417
0 0.495414 0.654097 0.046703 0.169639
0 0.543578 0.710931 0.035625 0.182250
0 0.530945 0.467319 0.030453 0.175028
0 0.545609 0.424014 0.027500 0.193083
0 0.567430 0.545819 0.030547 0.166028
0 0.571492 0.459208 0.026484 0.144361
0 0.601484 0.312139 0.027406 0.142556
0 0.636961 0.443861 0.055922 0.207500
0 0.598953 0.448389 0.048719 0.191278
0 0.568953 0.649583 0.029531 0.164222
0 0.030477 0.442958 0.044766 0.173250
0 0.112695 0.507917 0.040703 0.184056
0 0.068039 0.931986 0.036641 0.133528
0 0.071133 0.951556 0.030453 0.096889
0 0.359906 0.574694 0.037563 0.184056
