0 0.186260 0.477301 0.068889 0.173248
0 0.811737 0.486332 0.029014 0.155187
0 0.097058 0.646028 0.194116 0.362710
0 0.143959 0.673084 0.230861 0.409626
0 0.330086 0.552196 0.093067 0.142570
0 0.406839 0.650537 0.103944 0.360888
0 0.464851 0.522418 0.053177 0.097453
0 0.469695 0.684825 0.181299 0.429463
0 0.518036 0.503481 0.101518 0.131729
0 0.591158 0.533248 0.054397 0.111869
0 0.623192 0.526928 0.048357 0.124509
0 0.684225 0.576554 0.064069 0.191285
0 0.744664 0.534147 0.047136 0.138949
0 0.791197 0.570234 0.089437 0.351869
0 0.669726 0.516998 0.027809 0.083014
0 0.968114 0.547687 0.063772 0.461963
