0 0.120363 0.154328 0.154835 0.115500
0 0.558220 0.646055 0.167516 0.182266
0 0.357692 0.665906 0.197978 0.369937
0 0.150835 0.692977 0.276659 0.597297
0 0.842495 0.695680 0.309648 0.606328
0 0.872945 0.326656 0.177670 0.131719
0 0.768879 0.329359 0.126901 0.119094
0 0.914824 0.210266 0.083758 0.068562
0 0.795538 0.246359 0.215736 0.072188
0 0.555670 0.202141 0.279209 0.225563
0 0.218099 0.268914 0.203055 0.247203
0 0.064527 0.302297 0.119297 0.180438
0 0.247286 0.084852 0.093912 0.153391
0 0.108956 0.053703 0.182747 0.107406
0 0.636901 0.607258 0.071077 0.252641
0 0.555670 0.530563 0.086286 0.113687
