0 0.365953 0.411460 0.064844 0.169630
0 0.184828 0.448453 0.150125 0.481786
0 0.130594 0.433094 0.261188 0.866187
0 0.991672 0.545000 0.016656 0.238192
0 0.969680 0.542288 0.048016 0.265272
0 0.704383 0.638824 0.032484 0.169630
0 0.752969 0.379880 0.152719 0.705556
0 0.734859 0.546808 0.056937 0.342854
0 0.880445 0.363627 0.223891 0.727255
0 0.597023 0.543192 0.073766 0.306776
0 0.582789 0.385283 0.260141 0.770566
0 0.544539 0.525142 0.054484 0.245403
0 0.450070 0.467397 0.124359 0.411438
0 0.287070 0.391590 0.333891 0.783181
