0 0.838617 0.420550 0.064203 0.206019
0 0.883766 0.360410 0.048156 0.121803
0 0.937945 0.391230 0.054172 0.084192
0 0.966961 0.365667 0.066078 0.186464
0 0.988031 0.336347 0.023938 0.112787
0 0.949477 0.273934 0.079266 0.111288
0 0.781430 0.724941 0.280922 0.550117
0 0.573250 0.748946 0.320063 0.502108
0 0.240656 0.782834 0.321062 0.434333
0 0.905766 0.647623 0.188469 0.461663
0 0.107219 0.290480 0.038125 0.108267
0 0.646992 0.462658 0.110359 0.227049
0 0.745313 0.354379 0.036125 0.082717
0 0.772398 0.373185 0.100328 0.171429
0 0.806516 0.497248 0.096312 0.175948
0 0.705180 0.396487 0.064203 0.142857
0 0.054547 0.247623 0.025094 0.046628
0 0.075109 0.291230 0.038125 0.082693
0 0.062570 0.536335 0.103328 0.521803
0 0.156375 0.336335 0.048156 0.121803
0 0.184477 0.305515 0.042141 0.081194
0 0.206039 0.413033 0.071234 0.302272
0 0.171930 0.577693 0.091297 0.204520
0 0.150359 0.549122 0.104344 0.496230
0 0.349508 0.274684 0.041141 0.085714
0 0.327945 0.313782 0.052172 0.115808
0 0.384625 0.509274 0.121406 0.518782
0 0.512039 0.333326 0.043141 0.115785
0 0.462883 0.322049 0.061203 0.123302
0 0.457867 0.414532 0.037109 0.082693
0 0.484461 0.543864 0.128422 0.431569
0 0.566727 0.491979 0.064203 0.099227
0 0.579773 0.333337 0.100328 0.178946
0 0.624914 0.286721 0.062203 0.127822
0 0.631938 0.389731 0.072250 0.135340
0 0.698148 0.315281 0.062203 0.109766
